5.000000000000000000e-01 8.439709848078964516e-01
6.256471659807700814e-01 9.525201919687792396e-01
8.542318396292943872e-01 9.948099660157111446e-01
1.222259910050892184e+00 6.480874096230613279e-01
1.631371552207937725e+00 -1.126974475694216410e-01
2.290324706073005867e+00 -9.798832625798247209e-01
3.071646961489287619e+00 -1.240773259122790462e-01
4.053622067233014548e+00 9.883682214365419050e-01
4.966951747869160272e+00 -4.625791170359474513e-01
6.084271446415162821e+00 -3.569952668901846815e-01
7.242581271487721573e+00 9.762710354683787894e-01
8.514254889965734208e+00 -9.262793118541201576e-01
9.669695137436031374e+00 5.188282019053518379e-01
1.123742215616596063e+01 -4.088670038379442762e-01
1.295575879985378620e+01 7.671877924886895128e-01
1.497875879761555318e+01 -9.187973884440323591e-01
1.682298386785756605e+01 8.745699066346671602e-01
1.878246326066736671e+01 -3.987068435989445103e-02
2.091524422902095992e+01 -7.313311997433015188e-01
2.337068093256005596e+01 4.901202936936525090e-01
2.560082526591365948e+01 9.332962794838011167e-01
2.839143170595392363e+01 3.740178242593421576e-01
3.136545515089457226e+01 5.605584352974929407e-02
3.459568471836524139e+01 2.492353800051861912e-01
3.703411764027924846e+01 -7.859750246667936979e-01
3.951626102119684703e+01 -2.754301878207610077e-01
4.318905339544087951e+01 -7.839316289392269654e-01
4.706090560165509373e+01 1.096690046632947668e-01
4.998766377922578386e+01 -2.775465637457126267e-01
5.401383187977682354e+01 1.206919730246461153e+00
5.741650497386400076e+01 1.273520896608076214e+00
6.118745188698097337e+01 4.526158616709664018e-01
6.490079819076311196e+01 -5.149608073227373017e-01
6.936273825503843682e+01 8.221970739438722031e-01
7.355576294190544218e+01 8.847671230858715763e-01
7.759523124123201399e+01 -5.617695326690805846e-01
8.245252758857071740e+01 1.411854853526806508e+00
8.741425127323329036e+01 -4.544470856265347414e-01
9.227709493425712139e+01 1.178585968398714545e+00
9.666818503168383359e+01 -5.084243135695367677e-01
1.009637186050866546e+02 1.266242865975010012e+00
1.055235988908840739e+02 -3.983287275835412089e-03
1.097651353919184203e+02 1.767771842875581756e-01
1.146520628929235812e+02 6.053927087016861552e-01
1.207267912394256371e+02 1.037745533806138543e+00
1.257300326072946604e+02 7.609143881091530170e-01
1.320282272148017739e+02 8.220961764094391055e-01
1.379821079354987035e+02 2.140539991693017341e-01
1.438337453641941295e+02 -2.584931691279830357e-01
1.491899220276292795e+02 8.173468476582803621e-01
1.555671879341882118e+02 6.613975052937346444e-01
1.624492844318701543e+02 -1.550955431537297535e-01
1.686942437256284961e+02 -1.016853116757912012e-01
1.739841083922433143e+02 1.550510652067021544e+00
1.792523826683403740e+02 1.251531850692663594e+00
1.852924126849621871e+02 8.036650345172664522e-01
1.923317339308382827e+02 1.945208839429894976e+00
1.999774228363898771e+02 1.735464258296759432e-01
2.078637669920948952e+02 1.900355012582937819e+00
2.139351782818459924e+02 1.645617636064785616e+00
2.221703750968466125e+02 1.297287675353688829e-01
2.296614858079242936e+02 1.753847388907175731e+00
2.373236802208508038e+02 9.229051104598273714e-01
2.438943568058206779e+02 4.735935973343051719e-01
2.512395263776252534e+02 1.081329515461344482e+00
2.592454191607610596e+02 1.168526268835444970e+00
2.664407156079520860e+02 4.040875934517329515e-01
2.749953928563492696e+02 1.164491683914250064e+00
2.826038037498093445e+02 1.137557130249116977e+00
2.896576634592534560e+02 2.401073038664148562e+00
2.969092583289108234e+02 1.427072850430043838e+00
3.040466585963163197e+02 5.392125127481059987e-01
3.137380844401708941e+02 8.224729417975054080e-01
3.241108852094799886e+02 2.489804703943065078e+00
3.344012927677619587e+02 2.021143171217455681e+00
3.451318525998631230e+02 9.506823332423717243e-01
3.553174653870813700e+02 2.369757646236691606e+00
3.650895102042288727e+02 2.796482489651977765e+00
3.729216869118576483e+02 9.049134444625192009e-01
3.818627595422977379e+02 1.596167395669032762e+00
3.898219413465207595e+02 2.453697628360347771e+00
3.983385963655462092e+02 1.031598099336197283e+00
4.097109403056113024e+02 2.557364752614702752e+00
4.194035072085164302e+02 2.095241628418007984e+00
4.298195483972302213e+02 1.233380092375113257e+00
4.396284424610608994e+02 1.818825153254485683e+00
4.494576051628432651e+02 2.654784943520060558e+00
4.587635195001374768e+02 2.474798912723812805e+00
4.681824296816664628e+02 2.510339502285393376e+00
4.799652070143251308e+02 1.414901368588858288e+00
4.916693584090663194e+02 2.438131924541377948e+00
5.013244678892460797e+02 2.044063422649562867e+00
5.122157823048121372e+02 2.830083658955347747e+00
5.217594258366897293e+02 3.097053515899578446e+00
5.352344753413592571e+02 3.403310736812942050e+00
5.450568850197007578e+02 2.744164059597267169e+00
5.577139893029470841e+02 2.626698731854324897e+00
5.698041908471299166e+02 3.559199340582362758e+00
